CONSUMED TIME
Format: size_of_bit_vector number_of_rank_query consumed_time
1000000 1000000 0.047881
1000000 10000000 0.352219
1000000 100000000 3.37833
1000000 200000000 6.75215
1000000 500000000 16.8745
1000000 1000000000 33.7523
10000000 1000000 0.034039
10000000 10000000 0.340117
10000000 100000000 3.39667
10000000 200000000 6.78952
10000000 500000000 16.9594
10000000 1000000000 33.9211
100000000 1000000 0.044155
100000000 10000000 0.436545
100000000 100000000 4.45308
100000000 200000000 8.93638
100000000 500000000 22.2092
100000000 1000000000 45.0491
200000000 1000000 0.066798
200000000 10000000 0.664489
200000000 100000000 6.63398
200000000 200000000 13.3262
200000000 500000000 33.4661
200000000 1000000000 67.5033
500000000 1000000 0.081145
500000000 10000000 0.799851
500000000 100000000 8.03788
500000000 200000000 16.0581
500000000 500000000 40.2922
500000000 1000000000 81.2666
1000000000 1000000 0.086673
1000000000 10000000 0.855357
1000000000 100000000 8.68828
1000000000 200000000 17.3586
1000000000 500000000 43.2081
1000000000 1000000000 86.5186

OVERHEAD
Format: size_of_bit_vector overload
1000000 500000
10000000 4583324
100000000 40740728
200000000 78571426
500000000 189655160
1000000000 366666660
