CONSUMED TIME
Format: size_of_bit_vector number_of_select_query consumed_time
10000 10000 0.010617
10000 100000 0.066167
10000 1000000 0.366555
10000 10000000 3.31678
10000 100000000 32.7805
100000 10000 0.004253
100000 100000 0.042162
100000 1000000 0.422823
100000 10000000 4.22897
100000 100000000 42.2279
1000000 10000 0.004854
1000000 100000 0.049214
1000000 1000000 0.493329
1000000 10000000 4.90047
1000000 100000000 48.8262
10000000 10000 0.005608
10000000 100000 0.054718
10000000 1000000 0.55272
10000000 10000000 5.45831
10000000 100000000 54.5779
100000000 10000 0.006588
100000000 100000 0.066856
100000000 1000000 0.648255
100000000 10000000 6.4989
100000000 100000000 65.1324

OVERHEAD
Format: size_of_bit_vector overload
10000 6426
100000 58820
1000000 500000
10000000 4583324
100000000 40740728
